122105
124508
125056
140402
141127
142002
142003
143402
144603
144633
147006
147007
148002
151210
151213
152118
171013
172103
172112
172113
172117
173031
173032
174005
174015
174319
174507
175051
176055
176066
176071
176203
176502
176601
185234
193108
193404
193503
194402
194403
201314
202146
212105
222101
229120
242021
246426
246441
246448
246483
248015
249195
262546
262547
262550
262561
262908
263630
271304
274808
284125
284136
303122
305629
305630
305817
323306
328028
331030
341507
342021
342310
344025
360460
360560
361330
362235
362276
362315
362540
362715
364465
364470
364521
365650
370115
370455
370640
370660
384272
384360
387305
388545
389002
391175
392135
394641
395013
396370
396418
396439
396440
396570
402114
402117
403409
403719
413226
413582
414305
415202
415211
415212
415214
415402
415603
415617
415626
415640
415705
415710
415714
415716
415718
415719
415720
415802
415807
416515
416626
416628
416632
416713
416813
423607
431153
431154
431214
431215
442918
461110
461446
462020
464113
473638
480003
480112
484220
484664
484887
492109
493887
495448
496108
503112
503202
503223
504002
506008
506102
506175
506329
508117
509002
509302
515202
516330
516361
516391
517326
521003
522009
524319
530053
531118
532186
533256
534455
562164
571106
571320
572168
573162
577596
581105
581187
581197
581198
581201
581206
581305
581335
581338
581357
581360
583215
584136
585319
585367
587104
591116
591173
591346
607403
609103
609810
610003
612803
622103
623404
623605
623806
624216
625519
627427
628229
628304
630612
632604
642108
643220
643228
643238
643242
673311
678661
679341
682042
682554
682557
682558
685614
685616
689627
695318
713158
713162
713170
713380
734002
734103
734123
734219
734227
735226
736182
737117
737118
741256
742407
742408
742409
743356
744209
754013
754071
754159
756084
757101
762109
764011
764062
766032
767042
768026
770052
781133
782128
784010
785102
786173
787033
792111
792123
793015
793107
794003
795125
796184
796501
797099
797102
797114
797118
797120
797121
798621
798627
803203
804430
814115
822134
824221
825102
829130
829201
832112
834011
852132